

******************************************************
Generator rand()
 29  44  73  80  24  71  56  40  70  2 

------------------------------------------------------
Testy dla: Generator rand()

Test parzyste/nieparzyste: 
 42  41  6  26  96  5  43  55  80  56  99  9  61  34  27  18  45  77  92  11  33  19  55  4  96  76  74  53  14  44  52  55  82  57  78  77  60  21  30  40  75  29  47  36  63  73  51  6  50  41  16  82  60  70  84  54  44  58  5  57  1  55  10  82  12  88  57  69  7  87  8  79  16  54  15  76  25  66  81  74  7  97  54  64  65  38  17  10  94  21  64  92  75  74  72  85  60  30  52  64 

Ilosc parzystych: 55
Ilosc nieparzystych: 45

Test ilosci liczb pierwszych: 
 17  57  44  30  9  56  7  33  20  87  5  25  82  59  88  48  94  3  55  86  22  17  78  94  88  51  77  48  78  30  11  94  84  54  22  93  10  28  26  30  14  31  52  93  87  38  39  79  41  93  66  62  9  42  56  96  92  32  45  68  61  53  60  45  7  82  36  14  10  62  41  21  90  92  15  75  31  53  54  71  45  20  31  53  60  84  49  52  16  91  21  74  44  80  18  48  60  53  62  68 

Ilosc pierwszych: 5

Test najwiekszej liczby powtorzen: 
 13  1  88  1  93  1  75  22  52  30  90  96  47  21  47  7  3  93  57  17  85  75  88  27  53  4  73  14  57  33  81  67  33  67  68  24  68  41  45  20  70  35  14  16  53  60  22  54  53  76  70  36  51  56  61  3  60  34  16  15  64  94  81  96  61  47  21  27  88  63  46  56  98  57  71  49  17  93  3  68  67  70  2  19  27  62  21  84  93  34  98  57  28  79  52  86  25  70  14  13 

Najwiecej razy powtorzyla sie liczba: 93, 4 razy.

Test Pi: 
 3.2  3.32  3.24  3.48  3.4  3.36  3  3.32  3.04  3.2  2.96  3.12  3.08  3.28  3.24  3.28  3.32  2.84  3.12  3.32  3.4  3.16  2.96  3.56  3.36  3.04  3.16  3.2  2.96  3.32  3.04  3.24  3.28  3.24  3.2  3.2  2.88  3.32  3.16  3.36  2.92  3.36  3.24  3.32  3.44  3.16  3.44  3.4  3.48  3.24  3.64  3.48  3.24  3.08  3.08  3.2  2.76  3.4  3.56  3.24  3.36  3.12  3.04  3.04  3.4  3  3.28  3.4  3.08  3.56  3.2  3.12  3.4  3.72  3  3.16  2.8  3.36  3.2  3.16  3.2  3.24  3.16  3.24  3.2  3.24  3.24  3.36  3.4  3.36  3.4  3  3.36  3.16  3.28  3.12  2.96  3.24  3.2  2.8 
------------------------------------------------------

******************************************************
Generator Multiplikatywny LCG
 75  55  51  23  75  75  71  87  55  19 

------------------------------------------------------
Testy dla: Generator Multiplikatywny LCG

Test parzyste/nieparzyste: 
 79  7  79  79  75  83  51  47  79  15  19  27  63  71  23  31  95  11  83  19  15  75  63  31  3  27  7  11  63  19  27  95  67  71  71  99  63  87  91  3  59  47  63  43  43  63  99  63  19  63  67  51  75  75  11  91  55  79  11  11  27  19  43  91  23  79  67  59  35  31  43  23  15  27  99  31  55  7  91  99  43  55  71  15  15  55  11  55  27  15  71  99  7  27  51  27  83  55  43  51 

Ilosc parzystych: 0
Ilosc nieparzystych: 100

Test ilosci liczb pierwszych: 
 7  83  91  39  7  63  3  39  79  7  47  79  47  79  63  19  95  63  51  67  27  15  59  51  27  31  79  67  79  55  67  3  83  67  15  23  83  3  39  59  95  15  79  79  11  63  7  11  59  79  3  23  43  91  27  71  3  43  47  7  27  83  91  83  43  27  83  83  83  27  55  15  59  23  7  19  91  71  47  75  35  35  27  51  59  91  27  3  43  23  63  87  23  75  63  91  67  63  47  67 

Ilosc pierwszych: 8

Test najwiekszej liczby powtorzen: 
 31  51  91  71  23  47  31  55  27  7  27  35  51  79  67  11  39  7  87  31  35  63  15  79  59  99  3  67  23  91  47  51  39  43  79  23  15  55  39  79  59  19  67  47  3  11  59  3  43  67  27  71  59  91  91  91  15  63  39  91  51  87  11  63  99  87  27  15  63  47  99  19  7  83  71  15  95  67  23  71  15  31  59  79  79  79  55  75  55  23  71  83  99  47  55  59  7  19  39  15 

Najwiecej razy powtorzyla sie liczba: 79, 7 razy.

Test Pi: 
 3.2  3.24  3.28  2.96  3.12  3.28  3.16  3.4  3.24  2.96  3.36  2.8  2.96  2.88  3.12  2.76  3.2  3.6  3.52  3.6  3.2  3.08  3.2  2.76  2.96  3.32  2.72  3.52  3.36  3.16  3.28  3.04  3.36  3.04  3.28  3.2  3.2  3.08  3.04  3.2  3.48  3.4  3.2  2.96  2.84  3.32  3.28  2.68  3.08  3.36  3.32  2.88  3.08  2.92  3.24  3.2  2.96  3.68  2.96  2.6  3.12  3.52  2.88  2.8  2.76  3.04  3.08  3.36  3.2  3.16  2.76  3.08  3.44  3.08  3.16  3.6  3.12  2.96  3.08  3.24  3.04  3.48  3.36  3.16  3.2  3.56  3.08  2.84  3.12  2.68  3.32  2.88  3.24  3.6  2.72  3.24  2.96  3.28  3.44  3 
------------------------------------------------------

******************************************************
Generator Fibonacciego
 11  1  84  89  41  30  22  89  39  10 

------------------------------------------------------
Testy dla: Generator Fibonacciego

Test parzyste/nieparzyste: 
 87  21  86  46  76  54  11  58  19  69  12  20  5  21  10  26  1  16  95  12  41  93  11  45  34  33  9  25  2  25  65  82  14  16  49  61  67  9  11  9  12  8  12  36  58  4  24  24  28  9  2  53  12  40  76  37  46  84  83  0  40  84  86  23  25  15  6  40  93  77  81  3  50  34  17  69  19  13  57  2  13  64  51  71  10  38  89  87  5  11  83  55  37  42  31  92  60  5  89  44 

Ilosc parzystych: 47
Ilosc nieparzystych: 53

Test ilosci liczb pierwszych: 
 14  46  2  39  7  18  16  17  87  59  19  54  34  8  90  88  18  7  9  88  24  19  26  14  65  59  3  85  32  90  6  0  19  37  9  64  69  36  64  83  2  19  21  7  56  2  65  19  94  57  15  51  100  26  20  59  27  76  18  61  87  59  27  26  94  14  2  95  63  41  14  37  88  36  29  69  37  12  27  14  15  75  55  62  69  4  59  59  98  15  31  67  87  20  47  84  21  73  16  40 

Ilosc pierwszych: 11

Test najwiekszej liczby powtorzen: 
 44  80  25  16  88  25  88  11  64  32  98  3  1  28  14  69  88  81  36  48  45  39  94  24  22  7  21  1  29  1  61  19  41  11  93  69  6  68  13  57  18  4  86  16  88  54  12  22  54  66  42  92  25  38  89  59  84  9  75  36  27  76  68  25  31  34  92  29  80  66  19  23  86  84  90  78  17  35  99  24  10  76  34  67  71  82  29  53  56  26  6  80  75  90  14  27  25  35  2  6 

Najwiecej razy powtorzyla sie liczba: 25, 5 razy.

Test Pi: 
 3.52  3.6  3.6  3.56  3.76  3.8  3.56  3.56  3.68  3.92  3.44  3.88  3.64  3.76  3.68  3.6  3.48  3.8  3.64  3.8  3.44  3.6  3.76  3.68  3.92  3.76  3.8  3.76  3.52  3.72  3.68  3.56  3.6  3.36  3.76  3.76  3.72  3.6  3.84  3.68  3.8  3.64  3.76  3.84  3.8  3.72  3.76  3.72  3.88  3.88  3.72  3.8  3.92  3.76  3.76  3.76  3.88  3.68  3.88  3.92  3.6  3.88  3.8  3.76  3.96  3.72  3.8  3.76  3.76  3.96  3.8  3.76  3.76  3.88  3.92  3.84  3.92  3.96  3.88  3.88  3.88  3.8  3.92  3.88  3.88  3.8  3.96  3.8  3.84  3.72  3.92  3.84  3.88  3.68  3.92  3.88  3.96  3.76  3.76  3.76 
------------------------------------------------------